0.0 0.0 0.0
0.0 0.0 0.0
0.024776881140422473 0.02357771647354537 0.02357771647354537
0.017726400142204307 0.08646049096618069 0.08646049096618069
0.004731707145092384 0.19124871584898917 0.19124871584898917
0.013625018638704633 0.3264432269802263 0.3264432269802263
0.06494274289381247 0.47009608409099546 0.47009608409099546
0.1650726284590484 0.5968887124603562 0.5968887124603562
0.3040397683565169 0.6863179582815256 0.6863179582815256
0.4586577785697327 0.7293074460794473 0.7293074460794473
0.6000128820405229 0.731077756313912 0.731077756313912
0.7028283922050785 0.709335189820372 0.709335189820372
0.7536407234322963 0.6883733177660422 0.6883733177660422
0.7551075901232047 0.6910211808227115 0.6910211808227115
0.725036811597281 0.7310777888154533 0.7310777888154533
0.6904545760267307 0.8087131418340815 0.8087131418340815
0.6786579375484736 0.9103436033439319 0.9103436033439319
0.708184787904738 1.0130228320456363 1.0130228320456363
0.7826615614443067 1.0919093469961398 1.0919093469961398
0.8895456445322663 1.1283633124625712 1.1283633124625712
1.004175055040061 1.116018843945671 1.116018843945671
1.0977983210619453 1.0628416703665577 1.0628416703665577
1.146952832362649 0.988497849127106 0.988497849127106
1.1411178988692454 0.9178961124133704 0.9178961124133704
1.0861342180178413 0.8730205713746816 0.8730205713746816
1.0022690802621366 0.8657308396832114 0.8657308396832114
0.917561598198775 0.8938894951366608 0.8938894951366608
0.8586292965496187 0.942086129592205 0.942086129592205
0.841949460800295 0.9867205392246609 0.9867205392246609
0.868472982031024 1.0037787392941644 1.0037787392941644
0.9233360763899863 0.9767527996946855 0.9767527996946855
0.9807642495382769 0.9021083140454197 0.9021083140454197
1.012560936533651 0.7905071018441954 0.7905071018441954
0.9973982320046371 0.6633840380921242 0.6633840380921242
0.9278641767359102 0.545999674367312 0.545999674367312
0.8129563735539019 0.45924543180954686 0.45924543180954686
0.6752042516607398 0.4128869901167926 0.4128869901167926
0.5433628630489362 0.40246005831878784 0.40246005831878784
0.4430726060093474 0.4108355193171716 0.4108355193171716
0.3885459580018735 0.41394040300756263 0.41394040300756263
0.3780056391046252 0.38875893636174863 0.38875893636174863
0.3943689676118891 0.3209905424218018 0.3209905424218018
0.4109535647029806 0.2098540862213767 0.2098540862213767
0.4003336614479185 0.06846304368317768 0.06846304368317768
0.3434435472851365 -0.08035199524129358 -0.08035199524129358
0.23594367395163426 -0.21140483003582067 -0.21140483003582067
0.08976215089560091 -0.3052868636025578 -0.3052868636025578
-0.07069425069928084 -0.3546067842555941 -0.3546067842555941
-0.21641826737580752 -0.36629212716268594 -0.36629212716268594
-0.3231878391746087 -0.3591989452659142 -0.3591989452659142
-0.3793835550660624 -0.357813703076355 -0.357813703076355
-0.38967610570394023 -0.3841123730081991 -0.3841123730081991
-0.37337571093344 -0.4502457253887391 -0.4502457253887391
-0.3579851605982233 -0.554448979306969 -0.554448979306969
-0.3700702387481663 -0.681517091847 -0.681517091847
-0.42644058575301047 -0.8076904315935469 -0.8076904315935469
-0.5285322814549065 -0.9083499365060498 -0.9083499365060498
-0.6618339636899845 -0.9659999450727847 -0.9659999450727847
-0.8005451215081375 -0.9759225661964493 -0.9759225661964493
-0.9159401931257903 -0.9476506346945959 -0.9476506346945959
-0.9856973948008312 -0.901776832915895 -0.901776832915895
-1.0011349598486992 -0.8631452163558893 -0.8631452163558893
-0.9699833353840633 -0.8526571046514029 -0.8526571046514029
-0.9137850567677144 -0.8803774369402918 -0.8803774369402918
-0.8607749029355041 -0.9422013869041795 -0.9422013869041795
-0.8365743539866622 -1.021174020375377 -1.021174020375377
-0.8557507518595728 -1.0930305765692403 -1.0930305765692403
-0.9170080935425936 -1.1341414882227043 -1.1341414882227043
-1.0035859795084523 -1.1292579938733798 -1.1292579938733798
-1.0887360854143375 -1.0765195111487462 -1.0765195111487462
-1.1444811878451233 -0.9880814245625208 -0.9880814245625208
-1.1507857857387798 -0.8861574208720047 -0.8861574208720047
-1.102132402224671 -0.7957734634191392 -0.7957734634191392
-1.0093479628555246 -0.7366082999761151 -0.7366082999761151
-0.8960815138799608 -0.7165947682300335 -0.7165947682300335
-0.7910876640074789 -0.7293789730933989 -0.7293789730933989
-0.7188448739585047 -0.7564698499910919 -0.7564698499910919
-0.6915834725642139 -0.7733741913232748 -0.7733741913232748
-0.7053361610603482 -0.7577058352211292 -0.7577058352211292
-0.7413052498196175 -0.6966105966238093 -0.6966105966238093
-0.7720981332133223 -0.5910727711719225 -0.5910727711719225
-0.770786777392935 -0.4556911585910795 -0.4556911585910795
-0.7198213156927584 -0.3139975087048863 -0.3139975087048863
-0.616875633364974 -0.19085135640054193 -0.19085135640054193
-0.47570841418448573 -0.10440347984305855 -0.10440347984305855
-0.3217569073001522 -0.06026159146750852 -0.06026159146750852
-0.18390713723230703 -0.04977001440768564 -0.04977001440768564
-0.08513752889377796 -0.052966615793376214 -0.052966615793376214
-0.035102167596623726 -0.04524716318885712 -0.04524716318885712
-0.0270841304867368 -0.005552057129778076 -0.005552057129778076
-0.0403169056578251 0.07660861044583704 0.07660861044583704
-0.04691237197017467 0.19759495359214352 0.19759495359214352
-0.021123883174744396 0.34070969409115576 0.34070969409115576
0.05209239637889873 0.48155218469883215 0.48155218469883215
0.17202474150270652 0.5958997476040409 0.5958997476040409
0.3223185044971512 0.6675336153828711 0.6675336153828711
0.4762178469330068 0.6934449045117298 0.6934449045117298
0.6052190650082862 0.6847147967876227 0.6847147967876227
0.6882997566045091 0.6627809754314685 0.6627809754314685
0.7186993156411856 0.6523146155080943 0.6523146155080943
0.7060288382568309 0.6730431818798948 0.6730431818798948
0.6730194128187575 0.7331997979692457 0.7331997979692457
0.6479751530748703 0.826746765239536 0.826746765239536
0.6554051909100498 0.9352837016161643 0.9352837016161643
0.7079057099182435 1.0340152232753355 1.0340152232753355
0.8019533353100994 1.0998224335664462 1.0998224335664462
0.9189891112412474 1.1187928646899823 1.1187928646899823
1.0314381306922626 1.0907409829003676 1.0907409829003676
1.1116920544551294 1.0292377477649688 1.0292377477649688
1.1411105508405202 0.9571396985788194 0.9571396985788194
1.1160914447009265 0.8990831454573581 0.8990831454573581
1.0492201297948258 0.8734037646885096 0.8734037646885096
0.9651216563628952 0.8861301914177365 0.8861301914177365
0.8923751995021756 0.9290203497336941 0.9290203497336941
0.8541412275985134 0.982284100739155 0.982284100739155
0.8605735912137293 1.0210996795003437 1.0210996795003437
0.9055036524127129 1.0237878326387684 1.0237878326387684
0.9684832549119257 0.9789641693548423 0.9789641693548423
1.0215167886183227 0.8893251134501101 0.8893251134501101
1.0382755829681052 0.7708262286102184 0.7708262286102184
1.0027741708382365 0.6475219205524787 0.6475219205524787
0.9146643081774708 0.54375757961328 0.54375757961328
0.7894112129093107 0.4762729984226208 0.4762729984226208
0.6532939344496188 0.4488049467785304 0.4488049467785304
0.5348682547308656 0.4509575887974577 0.4509575887974577
0.4556899838591397 0.4617104995176832 0.4617104995176832
0.42333890425687076 0.45641391510614804 0.45641391510614804
0.4290294865773498 0.4149777932914174 0.4149777932914174
0.4505910352018937 0.3285699360496981 0.3285699360496981
0.45983992143416946 0.2026271019950953 0.2026271019950953
0.43192691513179415 0.055191535185457 0.055191535185457
0.35359521305426683 -0.08888245732943015 -0.08888245732943015
0.22764179131074672 -0.20595355572730384 -0.20595355572730384
0.07211915433672793 -0.2812203131951524 -0.2812203131951524
-0.08546148584631609 -0.31345059696555616 -0.31345059696555616
-0.21702616253720516 -0.3152640180726798 -0.3152640180726798
-0.3030179856908468 -0.3088754051606242 -0.3088754051606242
-0.33868532993485184 -0.3186951335789033 -0.3186951335789033
-0.3355178920968465 -0.36321235966662185 -0.36321235966662185
-0.31736054148377546 -0.4488222436674916 -0.4488222436674916
-0.312479373384563 -0.5676210347479287 -0.5676210347479287
-0.3441811385704875 -0.6998923005981736 -0.6998923005981736
-0.4230613775962353 -0.8204699152427046 -0.8204699152427046
-0.5434227213612004 -0.9068926836802805 -0.9068926836802805
-0.6850379178867858 -0.9466781979180704 -0.9466781979180704
-0.8196802477844184 -0.9413321838682767 -0.9413321838682767
-0.9202813282323992 -0.905779595047194 -0.905779595047194
-0.9697150815503809 -0.8634043176108788 -0.8634043176108788
-0.9663291486336344 -0.8383237080446241 -0.8383237080446241
-0.9244111057625255 -0.8474305027712524 -0.8474305027712524
-0.869437060490421 -0.8948108486030922 -0.8948108486030922
-0.8296603785679293 -0.9703683248138245 -0.9703683248138245
-0.8267978739217057 -1.053105159757603 -1.053105159757603
-0.8688665837134668 -1.1179852824499479 -1.1179852824499479
-0.9475192976782456 -1.1441297637726762 -1.1441297637726762
-1.040752382411099 -1.1216584308311428 -1.1216584308311428
-1.1200984857229899 -1.054935144989784 -1.054935144989784
-1.1599466235544176 -0.9611529827855213 -0.9611529827855213
-1.145934800875049 -0.8647229834824988 -0.8647229834824988
-1.0796642739781785 -0.789305573963992 -0.789305573963992
-0.978190195232622 -0.7500964121182685 -0.7500964121182685
-0.8684555146335016 -0.7488949540469899 -0.7488949540469899
-0.7784924487138369 -0.7735718968296915 -0.7735718968296915
-0.7282752982613493 -0.8021097598761803 -0.8021097598761803
-0.7232226324849065 -0.8098918614211558 -0.8098918614211558
-0.7524784150848197 -0.7778501616449098 -0.7778501616449098
-0.7925351821931959 -0.6988008918757748 -0.6988008918757748
-0.8150113440286282 -0.5798908566456803 -0.5798908566456803
-0.796033020567087 -0.4403520937232387 -0.4403520937232387
-0.7241448573105836 -0.3053003579599881 -0.3053003579599881
-0.6041563991922576 -0.19760960974663766 -0.19760960974663766
-0.4556627974781531 -0.13052530563452464 -0.13052530563452464
-0.3067242236682348 -0.10343710605094125 -0.10343710605094125
-0.18477519977253798 -0.10219601488733517 -0.10219601488733517
-0.10774299885954718 -0.10387139346921172 -0.10387139346921172
-0.07828572075931561 -0.08438799376947093 -0.08438799376947093
-0.0830380741115485 -0.026539145016974693 -0.026539145016974693
-0.09711147321581155 0.07425107142561255 0.07425107142561255
-0.0923728061122569 0.20830599726400484 0.20830599726400484
-0.04678766266268411 0.3547471502836856 0.3547471502836856
0.04823509856901487 0.48821821730595283 0.48821821730595283
0.18490545363319077 0.5870789397703797 0.5870789397703797
0.34148459164776723 0.6403837372630216 0.6403837372630216
0.48929091902152677 0.6513582341895734 0.6513582341895734
0.6019839054032844 0.6362347421246167 0.6362347421246167
0.6640833533067054 0.6188289548409379 0.6188289548409379
0.6759322691056798 0.6226360197846335 0.6226360197846335
0.6534771992893857 0.6630372136104826 0.6630372136104826
0.6229385881509568 0.742172167304435 0.742172167304435
0.6121186202869778 0.848157850957471 0.848157850957471
0.6411961384387319 0.9589107294618948 0.9589107294618948
0.7160263231511256 1.049319653899973 1.049319653899973
0.8261417877226904 1.0994187236763595 1.0994187236763595
0.9481106953906018 1.1008815482889123 1.1008815482889123
1.0531515645276937 1.059708502369927 1.059708502369927
1.1165091481197906 0.9942263724446831 0.9942263724446831
1.1255184958596247 0.929056237968781 0.929056237968781
1.083714249136392 0.8870269026915981 0.8870269026915981
1.0096384563979965 0.8816845476297488 0.8816845476297488
0.9307378530453241 0.9128538041849156 0.9128538041849156
3.0146074295043945
